1	+	1666	1750
2	-	3293	3374
2	-	5279	5350
2	-	12148	12593
3	+	13381	13449
3	+	14220	14267
4	-	16320	17324
4	-	20008	20513
4	-	20568	20914
4	-	21344	21912
4	-	23099	23170
4	-	26038	26402
4	-	26496	26691
4	-	26815	26846
4	-	26952	27705
4	-	27854	27876
4	-	29177	29210
5	+	30193	30301
5	+	30379	30464
5	+	30749	30913
5	+	31053	31175
5	+	32790	32811
5	+	35853	36034
6	+	37871	37908
6	+	43903	43937
6	+	45715	45902
7	-	48265	48289
7	-	48728	49017
7	-	49383	49444
7	-	49580	49652
7	-	50989	50991
8	+	52306	52308
8	+	52808	52884
8	+	60725	60788
8	+	64717	64826
8	+	65797	66067
8	+	66156	66258
8	+	66366	66711
8	+	66787	66827
8	+	66945	67152
8	+	67397	67475
8	+	67551	67763
9	+	68778	68782
9	+	69808	70078
9	+	70164	70266
9	+	70361	70706
9	+	70879	71244
9	+	71326	71404
9	+	71502	71696
