1	+	77	267
1	+	345	742
1	+	1175	1180
2	-	1274	1269
2	-	1492	1344
2	-	2174	2096
2	-	2899	2860
3	-	3073	3068
3	-	6698	6559
3	-	11864	11800
3	-	12596	12151
3	-	12958	12919
4	-	14494	14489
4	-	17516	16323
4	-	18766	18668
4	-	20516	20011
4	-	20933	20571
4	-	21577	21423
4	-	21883	21701
4	-	24807	24734
4	-	25501	25462
5	-	25796	25791
5	-	26312	25798
5	-	26588	26499
5	-	27789	26955
5	-	28638	28599
6	+	28948	28987
6	+	29212	29325
6	+	30112	30304
6	+	30352	30467
6	+	30752	30916
6	+	31056	31135
6	+	31239	31364
6	+	41795	41951
6	+	42095	42100
7	-	42123	42118
7	-	42975	42891
7	-	49020	48731
7	-	49238	49102
7	-	50289	50283
7	-	56523	56484
8	-	56609	56604
8	-	57244	57070
8	-	59245	59238
8	-	61774	61735
9	+	64275	64314
9	+	64827	64829
9	+	65253	65306
9	+	66159	66261
9	+	66369	66714
9	+	66790	67155
9	+	67400	67478
9	+	67554	67766
9	+	68276	68281
10	+	68329	68368
10	+	69119	69229
10	+	69914	70081
10	+	70167	70269
10	+	70364	70709
10	+	70900	71247
10	+	71329	71407
