1	+	21	264
1	+	342	739
2	-	1543	1606
2	-	1694	1758
2	-	2082	2213
3	-	3461	3595
3	-	3945	4055
4	-	12144	12427
4	-	13155	13351
4	-	13917	13936
5	-	16320	17654
6	-	19999	20513
6	-	20568	20973
6	-	21139	21288
7	-	21316	21912
7	-	24379	24466
7	-	24731	24804
8	-	25548	25762
8	-	25992	26184
8	-	26251	26402
8	-	26496	26691
8	-	26815	27786
9	+	29128	29322
9	+	30109	30301
9	+	30379	30464
9	+	30538	30669
9	+	30749	30913
9	+	31053	31153
9	+	31236	31299
9	+	31392	31470
9	+	35853	36034
10	+	45755	45825
10	+	51063	51183
11	-	57067	57241
11	-	57409	57499
11	-	57828	57870
12	+	64494	64631
12	+	64717	64826
12	+	65797	66067
12	+	66156	66258
12	+	66366	66711
12	+	66787	67152
12	+	67397	67475
12	+	67551	67763
13	+	69077	69226
13	+	69463	69572
13	+	69808	70078
13	+	70164	70266
13	+	70361	70706
13	+	70879	71244
13	+	71326	71404
13	+	71502	71696
